k = 2, result = (0.0346, 0.9654, 0.8829), time = 0.7167048454284668s
k = 3, result = (0.158, 0.842, 0.5957), time = 0.17418408393859863s
k = 4, result = (0.3695, 0.6305, 0.2091), time = 0.07102704048156738s
k = 5, result = (0.7018, 0.2982, 0.0372), time = 0.0405423641204834s
